Starting Dynare (version 6.1).
Calling Dynare with arguments: noclearall
Starting preprocessing of the model file ... 
Found 12 equation(s). 
Evaluating expressions... 
Computing static model derivatives (order 1). 
Normalizing the static model... 
Finding the optimal block decomposition of the static model... 
3 block(s) found: 
  2 recursive block(s) and 1 simultaneous block(s). 
  the largest simultaneous block has 10 equation(s) 
                                 and 10 feedback variable(s). 
Computing dynamic model derivatives (order 2). 
Normalizing the dynamic model... 
Finding the optimal block decomposition of the dynamic model... 
3 block(s) found: 
  2 recursive block(s) and 1 simultaneous block(s). 
  the largest simultaneous block has 10 equation(s) 
                                 and 10 feedback variable(s). 
Preprocessing completed. 
Preprocessing time: 0h00m00s.
DYNARE_SOLVE (solve_algo=2|4): number of blocks = 5
MODEL_DIAGNOSTICS:  No obvious problems with this mod-file were detected.


Residuals of the static equations:
Equation number  1: Production Function :       0.000000
Equation number  2: Capital demand      :       0.000000
Equation number  3: Labor demand        :       0.000000
Equation number  4: Lambda              :       0.000000
Equation number  5: KLM                 :       0.000000
Equation number  6: Euler Eq. Bonds     :       0.000000
Equation number  7: R_star              :       0.000000
Equation number  8: NX                  :       0.000000
Equation number  9: Labor supply        :       0.000000
Equation number 10: Euler Equation K    :       0.000000
Equation number 11: BC                  :       0.000000
Equation number 12: A                   :       0.000000



EIGENVALUES:
         Modulus             Real        Imaginary
       1.592e-17       -1.592e-17                0
            0.75             0.75                0
           0.801            0.801                0
          0.9662           0.9662                0
           1.079            1.079                0
           1.301            1.301                0
       7.881e+17        7.881e+17                0

There are 3 eigenvalue(s) larger than 1 in modulus for 3 forward-looking variable(s)
The rank condition is verified.


STEADY-STATE RESULTS:

K      		 3.46862
L      		 0.961036
C      		 1.11688
Y      		 1.47416
R_K    		 0.141667
W      		 1.02262
lambda 		 0.801649
I      		 0.346862
R_star 		 0.0416667
B_star 		 -0.25
NX     		 0.0104167
A      		 1

MODEL SUMMARY

  Number of variables:         12
  Number of stochastic shocks: 1
  Number of state variables:   4
  Number of jumpers:           3
  Number of static variables:  6


MATRIX OF COVARIANCE OF EXOGENOUS SHOCKS
Variables       eps_A
eps_A        0.010000

POLICY AND TRANSITION FUNCTIONS
                                   K               L               C               Y             R_K               W          lambda               I          R_star          B_star              NX               A
Constant                    3.457702        0.968028        1.095215        1.481312        0.142354        1.020140        0.832754        0.335948        0.041501       -0.210268        0.050149        1.000000
(correction)               -0.010914        0.006992       -0.021669        0.007150        0.000687       -0.002480        0.031105       -0.010914       -0.000166        0.039732        0.039732               0
R_star(-1)                 -0.003190        0.004549       -0.014099        0.004652        0.000447       -0.001614        0.020240       -0.003190        0.000950       -0.228058        0.021942               0
B_star(-1)                  0.013293       -0.018956        0.058747       -0.019385       -0.001863        0.006724       -0.084332        0.013293       -0.003959        0.950242       -0.091425               0
A(-1)                       0.338514        0.062829        0.224117        1.169872        0.112424        0.744680       -0.321723        0.338514       -0.002530        0.607241        0.607241        0.750000
K(-1)                       0.815977       -0.000760        0.056021        0.140890       -0.027303        0.098543       -0.080418       -0.084023       -0.000704        0.168893        0.168893               0
eps_A                       0.451352        0.083772        0.298823        1.559829        0.149899        0.992907       -0.428963        0.451352       -0.003374        0.809654        0.809654        1.000000
R_star(-1),R_star(-1)       -0.000018        0.000059       -0.000059        0.000056        0.000005       -0.000016        0.000468       -0.000016        0.000010        0.000131        0.000131               0
B_star(-1),R_star(-1)        0.012914       -0.018686        0.056890       -0.019078       -0.001833        0.006585       -0.084860        0.012893       -0.003887        0.911139       -0.088861               0
B_star(-1),B_star(-1)       -0.000318        0.001017       -0.001028        0.000976        0.000094       -0.000272        0.008129       -0.000274        0.000179        0.002278        0.002278               0
A(-1),R_star(-1)            0.000165       -0.001096        0.001490        0.002267        0.000218       -0.000681       -0.014323       -0.000375       -0.000063        0.001152        0.001152               0
A(-1),B_star(-1)           -0.000688        0.004568       -0.006208       -0.009445       -0.000908        0.002837        0.059678        0.001562        0.000260       -0.004799       -0.004799               0
A(-1),A(-1)                -0.108814       -0.038069       -0.062585       -0.129645       -0.012459       -0.098110        0.186678       -0.080166        0.000022        0.013106        0.013106       -0.093750
K(-1),R_star(-1)           -0.000216       -0.000332        0.000309        0.000109       -0.000118       -0.000039       -0.003490        0.000078       -0.000015       -0.000278       -0.000278               0
K(-1),B_star(-1)            0.000900        0.001382       -0.001289       -0.000455        0.000493        0.000163        0.014541       -0.000323        0.000062        0.001158        0.001158               0
K(-1),A(-1)                -0.013449        0.000098        0.010784        0.111959       -0.021653        0.071708        0.032930       -0.044596       -0.000565        0.145771        0.145771               0
K(-1),K(-1)                 0.013315       -0.000687       -0.004201       -0.014391        0.006488       -0.009174        0.012081        0.021781        0.000139       -0.031972       -0.031972               0
eps_A,eps_A                -0.118221       -0.053716       -0.061459        0.029491        0.002834       -0.008934        0.260379       -0.067292       -0.000523        0.158242        0.158242               0
R_star(-1),eps_A            0.000220       -0.001462        0.001986        0.003022        0.000290       -0.000908       -0.019097       -0.000500       -0.000083        0.001536        0.001536               0
B_star(-1),eps_A           -0.000918        0.006090       -0.008277       -0.012594       -0.001210        0.003782        0.079571        0.002082        0.000347       -0.006399       -0.006399               0
A(-1),eps_A                 0.161182       -0.017745        0.131929        1.214109        0.116676        0.731279        0.068846        0.237576       -0.003314        0.844603        0.844603        0.750000
K(-1),eps_A                -0.017932        0.000130        0.014379        0.149278       -0.028870        0.095610        0.043906       -0.059462       -0.000753        0.194361        0.194361               0


MOMENTS OF SIMULATED VARIABLES
VARIABLE              MEAN       STD. DEV.        VARIANCE        SKEWNESS        KURTOSIS
K                 3.308853        0.290328        0.084290        0.286180        0.218947
L                 0.972503        0.030291        0.000918        0.223640        0.392962
C                 1.058525        0.125257        0.015689        0.151911        0.288808
Y                 1.423484        0.239497        0.057359        0.237791        0.110066
R_K               0.143382        0.020631        0.000426        0.048116       -0.095295
W                 0.975380        0.163961        0.026883        0.340215        0.209456
lambda            0.917271        0.190650        0.036347        0.821973        0.485108
I                 0.332160        0.061833        0.003823        0.034553       -0.051419
R_star            0.043136        0.006504        0.000042        0.200853        0.223857
B_star           -0.479291        1.550894        2.405271        0.348855        0.594235
NX                0.032799        0.145969        0.021307       -0.078547        0.259238
A                 0.971719        0.147110        0.021641        0.190646        0.060100


CORRELATION OF SIMULATED VARIABLES
VARIABLE          K        L        C        Y      R_K        W   lambda        I   R_star   B_star       NX        A
K            1.0000  -0.5381   0.9457   0.6637   0.1832   0.7785  -0.9038   0.5579  -0.8467   0.8571   0.0411   0.6305
L           -0.5381   1.0000  -0.6754   0.1814   0.6028  -0.0012   0.6851   0.1862   0.8725  -0.8561   0.7983   0.1925
C            0.9457  -0.6754   1.0000   0.5955   0.1381   0.7330  -0.9704   0.5649  -0.9487   0.9508  -0.1204   0.5828
Y            0.6637   0.1814   0.5955   1.0000   0.8532   0.9827  -0.5648   0.9652  -0.3173   0.3257   0.7209   0.9970
R_K          0.1832   0.6028   0.1381   0.8532   1.0000   0.7521  -0.1318   0.8921   0.1595  -0.1543   0.9034   0.8750
W            0.7785  -0.0012   0.7330   0.9827   0.7521   1.0000  -0.6982   0.9455  -0.4862   0.4938   0.5829   0.9771
lambda      -0.9038   0.6851  -0.9704  -0.5648  -0.1318  -0.6982   1.0000  -0.5473   0.9347  -0.9100   0.1378  -0.5579
I            0.5579   0.1862   0.5649   0.9652   0.8921   0.9455  -0.5473   1.0000  -0.3014   0.3050   0.6754   0.9822
R_star      -0.8467   0.8725  -0.9487  -0.3173   0.1595  -0.4862   0.9347  -0.3014   1.0000  -0.9927   0.4212  -0.3061
B_star       0.8571  -0.8561   0.9508   0.3257  -0.1543   0.4938  -0.9100   0.3050  -0.9927   1.0000  -0.4108   0.3120
NX           0.0411   0.7983  -0.1204   0.7209   0.9034   0.5829   0.1378   0.6754   0.4212  -0.4108   1.0000   0.7196
A            0.6305   0.1925   0.5828   0.9970   0.8750   0.9771  -0.5579   0.9822  -0.3061   0.3120   0.7196   1.0000


AUTOCORRELATION OF SIMULATED VARIABLES
VARIABLE         1       2       3       4       5
K           0.9797  0.9369  0.8814  0.8220  0.7637
L           0.9460  0.8953  0.8445  0.8009  0.7652
C           0.9721  0.9434  0.9133  0.8855  0.8597
Y           0.7844  0.6007  0.4426  0.3271  0.2458
R_K         0.6798  0.4320  0.2326  0.1121  0.0416
W           0.8174  0.6607  0.5242  0.4223  0.3495
lambda      0.9679  0.9362  0.9037  0.8769  0.8529
I           0.6939  0.4623  0.2759  0.1639  0.1022
R_star      0.9956  0.9872  0.9747  0.9593  0.9417
B_star      0.9956  0.9869  0.9741  0.9581  0.9399
NX          0.8397  0.6934  0.5636  0.4595  0.3804
A           0.7560  0.5568  0.3898  0.2748  0.1985
Total computing time : 0h00m04s
