Starting Dynare (version 6.1).
Calling Dynare with arguments: noclearall
Starting preprocessing of the model file ... 
Found 13 equation(s). 
Evaluating expressions... 
Computing static model derivatives (order 1). 
Normalizing the static model... 
Finding the optimal block decomposition of the static model... 
3 block(s) found: 
  2 recursive block(s) and 1 simultaneous block(s). 
  the largest simultaneous block has 11 equation(s) 
                                 and 11 feedback variable(s). 
Computing dynamic model derivatives (order 2). 
Normalizing the dynamic model... 
Finding the optimal block decomposition of the dynamic model... 
3 block(s) found: 
  2 recursive block(s) and 1 simultaneous block(s). 
  the largest simultaneous block has 11 equation(s) 
                                 and 11 feedback variable(s). 
Preprocessing completed. 
Preprocessing time: 0h00m10s.
DYNARE_SOLVE (solve_algo=2|4): number of blocks = 5
MODEL_DIAGNOSTICS:  No obvious problems with this mod-file were detected.


Residuals of the static equations:
Equation number  1: Production Function :       0.000000
Equation number  2: Capital demand      :       0.000000
Equation number  3: Labor demand        :       0.000000
Equation number  4: Lambda              :       0.000000
Equation number  5: KLM                 :       0.000000
Equation number  6: Euler Eq. Bonds     :       0.000000
Equation number  7: R_star              :       0.000000
Equation number  8: NX                  :       0.000000
Equation number  9: Labor supply        :       0.000000
Equation number 10: Euler Equation K    :       0.000000
Equation number 11: Euler Equation I    :       0.000000
Equation number 12: BC                  :       0.000000
Equation number 13: A                   :       0.000000



EIGENVALUES:
         Modulus             Real        Imaginary
       1.157e-17        1.157e-17                0
          0.5756           0.5756                0
            0.75             0.75                0
           0.966            0.966                0
           1.079            1.079                0
           1.452            1.452                0
       4.866e+17       -4.866e+17                0
       6.365e+19       -6.365e+19                0

There are 4 eigenvalue(s) larger than 1 in modulus for 4 forward-looking variable(s)
The rank condition is verified.


STEADY-STATE RESULTS:

K      		 3.46862
L      		 0.961036
C      		 1.11688
Y      		 1.47416
R_K    		 0.141667
W      		 1.02262
lambda 		 0.801649
I      		 0.346862
R_star 		 0.0416667
B_star 		 -0.25
NX     		 0.0104167
A      		 1
mu     		 0.801649

MODEL SUMMARY

  Number of variables:         13
  Number of stochastic shocks: 1
  Number of state variables:   4
  Number of jumpers:           4
  Number of static variables:  5


MATRIX OF COVARIANCE OF EXOGENOUS SHOCKS
Variables       eps_A
eps_A        0.010000

POLICY AND TRANSITION FUNCTIONS
                                   K               L               C               Y             R_K               W          lambda               I          R_star          B_star              NX               A              mu
Constant                    3.467110        0.968374        1.094141        1.481666        0.142388        1.020017        0.834296        0.345356        0.041534       -0.218247        0.042169        1.000000        0.834145
(correction)               -0.001506        0.007338       -0.022742        0.007504        0.000721       -0.002603        0.032647       -0.001506       -0.000132        0.031753        0.031753               0        0.032497
K(-1)                       0.606451       -0.001441        0.058133        0.140193       -0.027370        0.098785       -0.083450       -0.293549       -0.001565        0.375609        0.375609               0       -0.122783
R_star(-1)                 -0.007078        0.004539       -0.014068        0.004642        0.000446       -0.001610        0.020195       -0.007078        0.000934       -0.224212        0.025788               0        0.019487
B_star(-1)                  0.029493       -0.018914        0.058617       -0.019342       -0.001859        0.006709       -0.084145        0.029493       -0.003893        0.934215       -0.107451               0       -0.081197
A(-1)                       0.836192        0.063556        0.221863        1.170615        0.112496        0.744422       -0.318487        0.836192       -0.000469        0.112560        0.112560        0.750000       -0.234914
eps_A                       1.114923        0.084742        0.295818        1.560821        0.149995        0.992563       -0.424649        1.114923       -0.000625        0.150080        0.150080        1.000000       -0.313218
K(-1),K(-1)                -0.101867       -0.000557       -0.004494       -0.014325        0.006514       -0.009197        0.012967       -0.068378       -0.000215        0.058547        0.058547               0        0.034837
R_star(-1),K(-1)           -0.003214       -0.000358        0.000355        0.000083       -0.000121       -0.000031       -0.003663       -0.002010       -0.000042        0.001737        0.001737               0       -0.004304
R_star(-1),R_star(-1)       -0.000042        0.000058       -0.000058        0.000056        0.000005       -0.000016        0.000465       -0.000032        0.000010        0.000145        0.000145               0        0.000445
B_star(-1),K(-1)            0.013393        0.001491       -0.001481       -0.000344        0.000503        0.000129        0.015264        0.008373        0.000176       -0.007237       -0.007237               0        0.017934
B_star(-1),R_star(-1)        0.028666       -0.018642        0.056757       -0.019033       -0.001829        0.006570       -0.084655        0.028576       -0.003819        0.895634       -0.104366               0       -0.081656
B_star(-1),B_star(-1)       -0.000735        0.001009       -0.001011        0.000968        0.000093       -0.000270        0.008075       -0.000547        0.000171        0.002526        0.002526               0        0.007722
A(-1),K(-1)                 0.384102       -0.000413        0.012532        0.111001       -0.021765        0.072024        0.031741        0.241790        0.000615       -0.143321       -0.143321               0        0.006444
A(-1),R_star(-1)            0.001574       -0.001070        0.001453        0.002285        0.000220       -0.000686       -0.014120       -0.000985       -0.000018        0.001817        0.001817               0       -0.011980
A(-1),B_star(-1)           -0.006559        0.004460       -0.006054       -0.009519       -0.000915        0.002858        0.058835        0.004106        0.000075       -0.007572       -0.007572               0        0.049917
A(-1),A(-1)                -0.389227       -0.037229       -0.065490       -0.128245       -0.012324       -0.098579        0.188910       -0.238039       -0.000728        0.175284        0.175284       -0.093750        0.140629
eps_A,eps_A                -0.506138       -0.052061       -0.067123        0.032146        0.003089       -0.009825        0.265065       -0.237360       -0.001398        0.336629        0.336629               0        0.197804
K(-1),eps_A                 0.512135       -0.000550        0.016709        0.148001       -0.029020        0.096031        0.042321        0.322387        0.000820       -0.191095       -0.191095               0        0.008592
R_star(-1),eps_A            0.002099       -0.001427        0.001937        0.003046        0.000293       -0.000915       -0.018827       -0.001314       -0.000024        0.002423        0.002423               0       -0.015973
B_star(-1),eps_A           -0.008745        0.005946       -0.008072       -0.012693       -0.001220        0.003811        0.078447        0.005475        0.000100       -0.010096       -0.010096               0        0.066556
A(-1),eps_A                 0.076985       -0.014536        0.121179        1.218835        0.117130        0.729685        0.079111        0.480152       -0.002566        0.617504        0.617504        0.750000        0.061792


MOMENTS OF SIMULATED VARIABLES
VARIABLE              MEAN       STD. DEV.        VARIANCE        SKEWNESS        KURTOSIS
K                 3.351630        0.379309        0.143876        0.478223        0.351696
L                 0.972930        0.031272        0.000978        0.151377        0.411226
C                 1.059319        0.126611        0.016030        0.173348        0.311420
Y                 1.431491        0.256592        0.065840        0.278049        0.132768
R_K               0.142223        0.018810        0.000354        0.059666       -0.069481
W                 0.980121        0.173857        0.030226        0.379896        0.231270
lambda            0.916643        0.191204        0.036559        0.825129        0.475219
I                 0.339342        0.121254        0.014703        0.074262        0.172383
R_star            0.043168        0.006551        0.000043        0.196400        0.227304
B_star           -0.485045        1.563612        2.444883        0.361729        0.620718
NX                0.032830        0.142658        0.020351       -0.255123        0.371392
A                 0.971719        0.147110        0.021641        0.190646        0.060100
mu                0.917559        0.190543        0.036307        0.808496        0.399773


CORRELATION OF SIMULATED VARIABLES
VARIABLE          K        L        C        Y      R_K        W   lambda        I   R_star   B_star       NX        A       mu
K            1.0000  -0.2293   0.8711   0.8571   0.3558   0.9252  -0.8225   0.4596  -0.6371   0.6462   0.3778   0.8205  -0.8148
L           -0.2293   1.0000  -0.6411   0.2363   0.6424   0.0624   0.6522   0.3157   0.8863  -0.8707   0.7257   0.2387   0.6854
C            0.8711  -0.6411   1.0000   0.5863   0.0724   0.7202  -0.9687   0.3371  -0.9228   0.9249  -0.1195   0.5781  -0.9670
Y            0.8571   0.2363   0.5863   1.0000   0.7790   0.9840  -0.5536   0.7790  -0.2337   0.2408   0.6162   0.9927  -0.5168
R_K          0.3558   0.6424   0.0724   0.7790   1.0000   0.6803  -0.0724   0.9086   0.2751  -0.2709   0.5646   0.8244  -0.0093
W            0.9252   0.0624   0.7202   0.9840   0.6803   1.0000  -0.6832   0.7401  -0.4020   0.4083   0.5017   0.9755  -0.6517
lambda      -0.8225   0.6522  -0.9687  -0.5536  -0.0724  -0.6832   1.0000  -0.3264   0.9092  -0.8847   0.1415  -0.5532   0.9973
I            0.4596   0.3157   0.3371   0.7790   0.9086   0.7401  -0.3264   1.0000  -0.0509   0.0498   0.2521   0.8436  -0.2645
R_star      -0.6371   0.8863  -0.9228  -0.2337   0.2751  -0.4020   0.9092  -0.0509   1.0000  -0.9925   0.4419  -0.2291   0.9244
B_star       0.6462  -0.8707   0.9249   0.2408  -0.2709   0.4083  -0.8847   0.0498  -0.9925   1.0000  -0.4301   0.2336  -0.8995
NX           0.3778   0.7257  -0.1195   0.6162   0.5646   0.5017   0.1415   0.2521   0.4419  -0.4301   1.0000   0.5554   0.1535
A            0.8205   0.2387   0.5781   0.9927   0.8244   0.9755  -0.5532   0.8436  -0.2291   0.2336   0.5554   1.0000  -0.5101
mu          -0.8148   0.6854  -0.9670  -0.5168  -0.0093  -0.6517   0.9973  -0.2645   0.9244  -0.8995   0.1535  -0.5101   1.0000


AUTOCORRELATION OF SIMULATED VARIABLES
VARIABLE          1        2        3        4        5
K            0.9477   0.8530   0.7467   0.6480   0.5656
L            0.9495   0.8934   0.8341   0.7816   0.7382
C            0.9730   0.9452   0.9156   0.8881   0.8624
Y            0.8106   0.6273   0.4613   0.3342   0.2421
R_K          0.6023   0.3416   0.1518   0.0584   0.0164
W            0.8364   0.6782   0.5338   0.4216   0.3396
lambda       0.9688   0.9379   0.9059   0.8793   0.8553
I            0.4781   0.1829   0.0062  -0.0761  -0.0918
R_star       0.9959   0.9874   0.9743   0.9576   0.9384
B_star       0.9959   0.9872   0.9737   0.9565   0.9367
NX           0.9419   0.8180   0.6751   0.5413   0.4310
A            0.7560   0.5568   0.3898   0.2748   0.1985
mu           0.9812   0.9553   0.9252   0.8965   0.8691
Total computing time : 0h00m07s
